precio:
0.021,0.067,0.054,0.013,0.000,0.000,0.000,0.000,0.000,0.000,0.000,0.000,0.000,0.000,0.000,0.017,0.036,0.064,0.080,0.091,0.099,0.107,0.121,0.099
demanda_casa:
0.264,0.201,0.222,0.156,0.233,0.231,0.198,0.131,0.027,0.043,0.138,0.130,0.407,0.712,0.201,0.131,0.148,0.141,0.134,0.136,0.129,0.069,0.131,0.083
demanda_bateria:
0.091,-0.201,-0.222,-0.000,0.228,0.019,-0.020,-0.012,0.048,0.099,0.025,0.060,-0.050,-0.145,0.092,0.010,-0.004,0.007,0.024,0.054,0.214,-0.069,-0.131,-0.083
energia_bateria:
0.423,0.222,0.000,0.000,0.228,0.247,0.227,0.215,0.263,0.362,0.387,0.448,0.398,0.253,0.344,0.354,0.350,0.358,0.382,0.436,0.650,0.581,0.451,0.368
precio_kwh_tipo:
0
