precio:
0.139,0.132,0.129,0.128,0.128,0.129,0.135,0.139,0.128,0.124,0.114,0.080,0.076,0.070,0.068,0.065,0.076,0.095,0.118,0.123,0.133,0.168,0.165,0.133
demanda_casa:
0.182,0.103,0.085,0.128,0.160,0.148,0.124,0.099,0.080,0.056,0.114,0.130,0.197,0.221,0.163,0.141,0.155,0.169,0.174,0.189,0.201,0.073,0.350,0.036
demanda_bateria:
-0.182,-0.103,-0.030,0.000,0.451,-0.148,-0.124,-0.099,-0.080,0.200,0.062,0.038,-0.004,-0.020,0.009,0.017,0.008,0.007,0.021,0.051,0.211,-0.073,-0.350,-0.036
energia_bateria:
0.133,0.030,0.000,0.000,0.451,0.303,0.179,0.080,0.000,0.200,0.261,0.299,0.295,0.275,0.284,0.301,0.309,0.316,0.338,0.389,0.600,0.527,0.177,0.142
precio_kwh_tipo:
0
