precio:
0.110,0.110,0.110,0.109,0.109,0.110,0.110,0.105,0.051,0.004,0.000,-0.000,-0.001,-0.001,-0.001,-0.002,-0.000,0.001,0.005,0.036,0.086,0.102,0.106,0.101
demanda_casa:
0.317,0.152,0.181,0.118,0.128,0.132,0.117,0.101,0.137,0.165,0.127,0.114,0.134,0.128,0.126,0.119,0.178,0.194,0.231,0.287,0.330,0.337,0.145,0.148
demanda_bateria:
-0.317,0.170,-0.181,0.377,-0.128,-0.132,-0.117,-0.000,0.000,0.067,-0.067,-0.000,0.000,-0.000,-0.000,0.600,-0.000,-0.115,-0.070,0.005,0.179,-0.337,-0.145,-0.118
energia_bateria:
0.011,0.181,0.000,0.377,0.249,0.117,0.000,0.000,0.000,0.067,0.000,0.000,0.000,0.000,0.000,0.600,0.600,0.485,0.415,0.421,0.600,0.263,0.118,0.000
precio_kwh_tipo:
0
