precio:
0.055,0.016,0.029,0.107,0.049,0.066,0.072,0.033,0.047,0.038,0.118,0.039,0.102,0.113,0.071,0.055,0.060,0.075,0.086,0.102,0.115,0.114,0.110,0.106
demanda_casa:
0.179,0.251,0.095,0.095,0.101,0.114,0.138,0.069,0.052,0.046,0.072,0.232,0.311,0.306,0.284,0.288,0.283,0.294,0.275,0.277,0.232,0.217,0.295,0.049
demanda_bateria:
-0.000,0.650,-0.036,-0.095,-0.101,-0.114,-0.138,-0.069,-0.052,-0.046,0.237,0.062,0.011,0.006,0.009,0.002,0.008,0.015,0.065,0.235,-0.232,-0.217,-0.201,-0.000
energia_bateria:
0.000,0.650,0.614,0.520,0.419,0.305,0.167,0.098,0.046,0.000,0.237,0.299,0.310,0.316,0.325,0.327,0.335,0.350,0.415,0.650,0.418,0.201,0.000,0.000
precio_kwh_tipo:
0
