precio:
0.129,0.125,0.120,0.120,0.120,0.117,0.120,0.125,0.127,0.113,0.073,0.027,0.024,0.023,0.018,0.012,0.024,0.073,0.095,0.115,0.127,0.155,0.152,0.128
demanda_casa:
0.146,0.116,0.094,0.091,0.079,0.093,0.097,0.087,0.086,0.084,0.133,0.122,0.169,0.216,0.176,0.151,0.185,0.179,0.137,0.124,0.125,0.061,0.067,0.074
demanda_bateria:
-0.146,-0.110,0.000,0.079,-0.079,0.270,-0.097,-0.087,-0.086,0.222,0.048,0.036,0.005,-0.022,0.002,0.015,-0.006,0.002,0.035,0.068,0.195,-0.061,-0.067,-0.074
energia_bateria:
0.110,0.000,0.000,0.079,0.000,0.270,0.173,0.086,0.000,0.222,0.270,0.306,0.311,0.289,0.291,0.306,0.300,0.302,0.337,0.405,0.600,0.539,0.472,0.398
precio_kwh_tipo:
0
