precio:
0.106,0.101,0.098,0.094,0.094,0.094,0.094,0.096,0.075,0.025,0.000,-0.000,-0.001,-0.001,-0.001,-0.000,0.000,0.013,0.061,0.099,0.115,0.114,0.112,0.106
demanda_casa:
0.135,0.141,0.121,0.141,0.117,0.115,0.094,0.046,0.038,0.116,0.167,0.255,0.217,0.182,0.158,0.146,0.142,0.136,0.131,0.156,0.151,0.219,0.118,0.124
demanda_bateria:
-0.135,-0.076,0.000,0.000,0.255,-0.115,-0.094,-0.046,-0.000,0.000,0.000,-0.000,0.482,0.493,0.000,-0.000,0.000,0.000,-0.131,-0.156,-0.151,-0.219,-0.118,-0.124
energia_bateria:
0.076,0.000,0.000,0.000,0.255,0.141,0.046,0.000,0.000,0.000,0.000,0.000,0.482,0.975,0.975,0.975,0.975,0.975,0.844,0.688,0.537,0.318,0.200,0.076
precio_kwh_tipo:
0
