precio:
0.131,0.128,0.125,0.125,0.125,0.124,0.128,0.128,0.123,0.114,0.087,0.084,0.077,0.072,0.071,0.070,0.082,0.088,0.112,0.129,0.140,0.163,0.160,0.132
demanda_casa:
0.405,0.248,0.096,0.127,0.123,0.147,0.132,0.102,0.107,0.111,0.108,0.092,0.139,0.219,0.183,0.183,0.281,0.257,0.288,0.283,0.205,0.119,0.518,0.128
demanda_bateria:
-0.145,0.000,0.071,-0.071,-0.000,0.234,-0.132,-0.102,-0.000,0.188,0.060,0.050,0.019,-0.023,0.009,0.020,-0.020,0.009,0.008,0.048,0.233,-0.119,-0.481,-0.000
energia_bateria:
0.000,0.000,0.071,0.000,0.000,0.234,0.102,0.000,0.000,0.188,0.247,0.298,0.317,0.294,0.303,0.323,0.302,0.311,0.319,0.367,0.600,0.481,0.000,0.000
precio_kwh_tipo:
0
