precio:
0.051,0.062,0.030,0.039,0.025,0.024,0.016,0.000,0.000,0.000,0.000,0.000,0.000,0.000,0.000,0.000,0.001,0.003,0.019,0.066,0.114,0.102,0.162,0.053
demanda_casa:
0.283,0.189,0.303,0.290,0.257,0.181,0.150,0.143,0.121,0.113,0.031,0.058,0.045,0.049,0.038,0.041,0.046,0.066,0.168,0.143,0.147,0.172,0.181,0.072
demanda_bateria:
0.165,-0.189,0.290,-0.290,0.000,-0.000,-0.000,0.147,-0.005,0.025,0.065,0.028,0.034,0.029,0.041,0.046,0.009,0.008,-0.043,0.031,0.186,-0.172,-0.181,-0.072
energia_bateria:
0.189,0.000,0.290,0.000,0.000,0.000,0.000,0.147,0.142,0.167,0.232,0.260,0.294,0.323,0.365,0.411,0.419,0.427,0.384,0.414,0.600,0.428,0.247,0.175
precio_kwh_tipo:
0
