precio:
0.095,0.089,0.081,0.078,0.076,0.079,0.084,0.086,0.079,0.055,0.016,0.003,0.002,0.001,0.001,0.004,0.012,0.038,0.065,0.107,0.119,0.131,0.111,0.109
demanda_casa:
0.168,0.356,0.238,0.202,0.182,0.172,0.142,0.096,0.102,0.237,0.291,0.276,0.289,0.272,0.300,0.297,0.278,0.262,0.249,0.314,0.272,0.400,0.339,0.199
demanda_bateria:
-0.168,-0.104,0.000,0.000,0.512,-0.172,-0.142,-0.096,-0.102,-0.000,0.000,0.000,0.000,0.000,0.975,0.000,0.000,0.000,0.000,-0.000,-0.272,-0.400,-0.303,-0.000
energia_bateria:
0.104,0.000,0.000,0.000,0.512,0.340,0.198,0.102,0.000,0.000,0.000,0.000,0.000,0.000,0.975,0.975,0.975,0.975,0.975,0.975,0.703,0.303,0.000,0.000
precio_kwh_tipo:
0
