precio:
0.129,0.127,0.126,0.123,0.122,0.121,0.123,0.116,0.104,0.040,0.003,0.000,0.000,0.000,0.000,0.000,0.000,0.004,0.074,0.110,0.126,0.135,0.139,0.126
demanda_casa:
0.446,0.196,0.178,0.137,0.168,0.158,0.163,0.118,0.136,0.141,0.162,0.222,0.261,0.261,0.207,0.205,0.217,0.181,0.181,0.190,0.207,0.343,0.350,0.060
demanda_bateria:
0.000,0.000,-0.000,0.000,-0.000,0.163,-0.163,-0.000,-0.000,0.217,0.037,0.073,0.022,0.010,0.043,0.055,-0.045,-0.001,0.027,0.075,0.236,-0.343,-0.350,-0.057
energia_bateria:
0.000,0.000,0.000,0.000,0.000,0.163,0.000,0.000,0.000,0.217,0.254,0.327,0.350,0.360,0.403,0.458,0.413,0.412,0.438,0.514,0.750,0.407,0.057,0.000
precio_kwh_tipo:
0
